17
21
23
34
36
61
68
85
94
103
107
109
111
112
117
124
130
135
138
145
156
157
175
177
184
188
191
198
203
209
211
222
231
234
236
249
252
256
286
287
291
298
305
307
323
328
330
339
346
352
353
357
361
368
376
384
394
395
402
406
419
423
426
433
434
450
452
505
510
518
523
530
546
576
580
605
618
631
634
653
665
674
679
689
690
703
711
720
721
728
731
735
745
747
757
771
773
776
779
781
782
787
801
805
808
820
822
824
835
852
854
858
878
885
890
894
899
902
904
907
914
923
924
945
946
947
949
952
959
975
984
998
1004
1006
1018
1027
1029
1042
1044
1050
1062
1069
1076
1084
1093
1106
1134
1135
1136
1137
1141
1148
1158
1180
1183
1186
1192
1197
1203
1220
1241
1257
1271
1283
1286
1301
1313
1331
1332
1339
1344
1347
1351
1354
1357
1386
1397
1423
1439
1441
1442
1459
1478
1485
1488
1493
1498
1516
1517
1527
1528
1530
1535
1544
1563
1569
1571
1578
1579
1590
1594
1604
1606
1611
1616
1620
1621
1629
1636
1673
1679
1699
1701
1709
1727
1757
1764
1767
1784
1787
1804
1816
1819
1840
1855
1858
1860
1872
1893
1900
1901
1915
1931
1935
1936
1944
1949
1967
1972
1973
1982
1985
1986
1988
1991
1995
1999
2005
2015
2018
2021
2025
2029
2034
2040
2045
2049
2081
2090
2092
2093
2100
2116
2124
2135
2136
2150
2185
2187
2208
2215
2222
2223
2224
2240
2245
2258
2263
2265
2280
2284
2298
2303
2310
2333
2338
2341
2343
2349
2361
2365
2369
2371
2378
2387
2394
2397
2420
2423
2425
2427
2442
2452
2460
2464
2467
2473
2477
2482
2486
2512
2513
2539
2550
2558
2561
2577
2582
2586
2589
2590
2592
2598
2611
2619
2625
2636
2639
2649
2652
2658
2664
2666
2667
2682
2710
2712
2718
2733
2740
2743
2747
2759
2763
2775
2784
2786
2800
2809
2813
2819
2825
2828
2830
2871
2905
2919
2921
2953
2973
2974
2984
2990
2997
3019
3024
3026
3036
3042
3065
3070
3078
3084
3100
3123
3127
3132
3133
3143
3145
3155
3178
3180
3184
3191
3196
3210
3214
3217
3218
3222
3225
3234
3242
3267
3272
3280
3283
3306
3318
3319
3322
3333
3347
3357
3362
3365
3369
3371
3377
3386
3392
3393
3403
3404
3417
3425
3426
3433
3437
3456
3460
3481
3482
3490
3491
3497
3506
3513
3516
3543
3559
3566
3575
3598
3600
3602
3632
3639
3649
3657
3674
3676
3678
3685
3703
3705
3722
3728
3742
3746
3748
3768
3771
3788
3790
3792
3793
3796
3800
3818
3830
3841
3851
3862
3866
3868
3876
3883
3895
3903
3914
3917
3926
3929
3935
3939
3940
3949
3952
3956
3969
3974
3977
3980
3987
3995
3999
4002
4004
4016
4030
4058
4074
4084
4094
4096
4101
4103
4104
4109
4113
4115
4118
4137
4155
4166
4187
4239
4240
4267
4268
4271
4275
4290
4292
4313
4317
4328
4329
4334
4346
4367
4390
4392
4394
4397
4401
4405
4406
4410
4423
4427
4448
4456
4458
4467
4506
4520
4521
4527
4535
4555
4566
4571
4574
4577
4588
4592
4599
4631
4635
4641
4644
4655
4675
4676
4679
4685
4688
4696
4700
4708
4713
4714
4718
4730
4741
4749
4765
4766
4770
4784
4785
4787
4816
4827
4831
4833
4871
4873
4883
4893
4900
4904
4905
4906
4910
4916
4918
4924
4929
4949
4951
4954
4958
4962
4966
4968
4985
5008
5030
5031
5032
5048
5049
5050
5058
5060
5071
5072
5074
5078
5096
5099
5124
5138
5142
5150
5163
5170
5171
5193
5196
5199
5205
5215
5242
5244
5246
5247
5278
5282
5285
5289
5290
5319
5336
5343
5347
5348
5349
5362
5369
5370
5374
5382
5384
5389
5392
5397
5398
5400
5406
5448
5453
5476
5481
5491
5494
5495
5506
5525
5527
5528
5535
5542
5544
5561
5564
5570
5573
5581
5596
5598
5604
5611
5619
5622
5643
5645
5662
5665
5666
5679
5689
5691
5692
5696
5710
5712
5727
5752
5760
5761
5768
5771
5772
5774
5783
5786
5794
5795
5801
5806
5816
5818
5819
5820
5824
5827
5830
5832
5839
5841
5865
5866
5874
5882
5885
5897
5901
5904
5908
5909
5910
5911
5913
5928
5935
5937
5944
5950
5954
5958
5962
5978
5979
6001
6005
6020
6024
6055
6061
6063
6069
6079
6082
6085
6086
6088
6090
6098
6116
6131
6145
6147
6155
6156
6158
6160
6166
6171
6174
6176
6202
6206
6212
6214
6228
6234
6255
6262
6272
6273
6279
6283
6317
6353
6358
6359
6365
6378
6395
6398
6428
6432
6437
6440
6447
6448
6466
6481
6488
6497
6526
6533
6534
6537
6540
6543
6552
6566
6571
6575
6579
6598
6603
6604
6621
6630
6632
6638
6653
6675
6681
6685
6692
6697
6700
6702
6706
6707
6709
6710
6711
6718
6736
6749
6756
6783
6787
6805
6809
6821
6824
6828
6833
6838
6850
6856
6863
6871
6878
6884
6891
6892
6894
6901
6908
6914
6917
6930
6939
6942
6950
6952
6953
6954
6955
6958
6973
6976
6978
6983
7009
7013
7051
7059
7066
7067
7095
7101
7102
7105
7107
7118
7125
7138
7142
7161
7169
7175
7180
7181
7184
7187
7188
7192
7210
7216
7223
7224
7225
7229
7230
7232
7235
7241
7246
7247
7251
7253
7254
7262
7275
7284
7299
7301
7309
7310
7323
7326
7327
7328
7338
7339
7354
7357
7359
7363
7371
7373
7382
7391
7402
7427
7429
7445
7449
7476
7477
7478
7482
7492
7494
7511
7514
7517
7529
7533
7539
7574
7585
7589
7595
7607
7612
7613
7614
7616
7618
7621
7629
7632
7650
7654
7665
7666
7668
7676
7679
7681
7686
7695
7698
7702
7706
7709
7718
7726
7752
7755
7756
7774
7778
7784
7786
7787
7798
7799
7804
7809
7815
7816
7830
7853
7866
7884
7900
7908
7930
7936
7946
7951
7955
7965
7968
7973
7979
7985
7996
8006
8018
8024
8037
8060
8068
8070
8071
8073
8075
8081
8086
8103
8105
8109
8110
8114
8115
8145
8154
8156
8188
8209
8217
8222
8224
8228
8231
8238
8251
8258
8273
8283
8296
8314
8323
8344
8364
8374
8389
8393
8406
8411
8426
8427
8431
8432
8445
8447
8450
8452
8464
8467
8471
8472
8481
8489
8492
8493
8498
8501
8513
8519
8532
8533
8543
8546
8548
8551
8558
8559
8597
8608
8619
8662
8665
8668
8674
8675
8678
8682
8686
8695
8698
8734
8735
8780
8786
8789
8790
8798
8799
8801
8803
8850
8869
8870
8876
8887
8896
8900
8914
8917
8921
8936
8947
8948
8978
8984
8985
8989
8990
8992
8995
8996
9002
9003
9013
9016
9030
9036
9044
9054
9058
9061
9064
9096
9101
9128
9132
9137
9144
9161
9177
9186
9206
9216
9227
9233
9248
9249
9253
9256
9261
9263
9266
9271
9272
9274
9278
9302
9304
9311
9319
9330
9331
9339
9341
9356
9363
9364
9377
9385
9393
9395
9402
9403
9407
9428
9434
9443
9453
9454
9457
9473
9481
9484
9486
9498
9505
9518
9539
9544
9545
9547
9555
9571
9575
9602
9622
9635
9640
9656
9672
9673
9676
9686
9688
9702
9706
9710
9714
9718
9727
9736
9750
9753
9763
9768
9778
9782
9787
9791
9795
9805
9810
9818
9822
9823
9828
9829
9855
9862
9871
9872
9873
9889
9895
9897
9900
9906
9911
9920
9923
9930
9933
9954
9957
9962
9965
9966
9967
9968
9969
9973
9976
9981
9982
9984
10004
10059
10071
10088
10094
10119
10124
10134
10144
10149
10152
10167
10174
10188
10197
10206
10207
10220
10222
10224
10236
10246
10247
10248
10251
10254
10257
10262
10272
10277
10301
10302
10305
10310
10315
10328
10369
10375
10377
10386
10394
10399
10414
10416
10417
10422
10425
10428
10434
10471
10478
10487
10502
10510
10515
10531
10532
10560
10569
10581
10589
10594
10595
10604
10612
10623
10624
10634
10635
10637
10642
10653
10668
10675
10676
10677
10679
10689
10694
10704
10712
10721
10725
10736
10742
10751
10753
10757
10774
10799
10806
10809
10811
10814
10820
10832
10835
10852
10854
10859
10861
10884
10886
10906
10914
10916
10924
10925
10928
10939
10947
10948
10950
10954
10957
10972
10973
10976
10992
11003
11007
11018
11019
11024
11032
11043
11049
11050
11061
11066
11076
11085
11090
11098
11099
11108
11109
11123
11135
11138
11146
11147
11162
11165
11202
11212
11229
11234
11235
11236
11242
11245
11255
11285
11288
11295
11317
11318
11321
11323
11328
11335
11339
11342
11343
11346
11348
11356
11362
11369
11372
11382
11395
11421
11427
11432
11438
11442
11446
11448
11460
11464
11470
11474
11477
11479
11486
11505
11512
11526
11537
11554
11559
11563
11567
11585
11587
11588
11590
11595
11610
11618
11623
11634
11638
11643
11646
11667
11671
11674
11693
11700
11702
11708
11716
11722
11723
11728
11735
11755
11756
11760
11762
11763
11764
11766
11767
11795
11809
11815
11818
11825
11826
11838
11842
11844
11859
11860
11861
11862
11870
11876
11877
11880
11885
11892
11897
11901
11908
11912
11923
11932
11944
11952
11957
11981
11993
12003
12008
12013
12014
12020
12026
12028
12039
12048
12065
12070
12076
12077
12081
12087
12091
12104
12108
12110
12113
12122
12125
12132
12136
12140
12142
12149
12157
12164
12167
12183
12187
12188
12192
12194
12198
12234
12249
12272
12274
12281
12292
12302
12306
12310
12312
12330
12337
12340
12342
12344
12346
12351
12361
12365
12367
12387
12401
12403
12408
12411
12412
12413
12450
12467
12501
12508
12530
12540
12567
12573
12582
12589
12599
12613
12623
12631
12659
12660
12690
12693
12697
12706
12709
12712
12713
12720
12730
12733
12736
12741
12746
12769
12770
12776
12779
12788
12795
12797
12798
12799
12805
12810
12819
12830
12834
12837
12849
12856
12858
12878
12896
12902
12905
12914
12927
12938
12940
12945
12952
12954
12982
12987
12993
13033
13036
13052
13055
13072
13086
13123
13144
13174
13179
13181
13183
13185
13203
13208
13212
13214
13217
13223
13252
13253
13258
13259
13265
13267
13289
13293
13305
13306
13308
13318
13329
13330
13355
13373
13401
13405
13406
13419
13428
13431
13436
13440
13451
13455
13463
13476
13486
13514
13528
13535
13536
13542
13543
13552
13562
13564
13579
13589
13593
13599
13615
13618
13622
13627
13628
13634
13636
13640
13641
13644
13648
13657
13664
13666
13699
13702
13705
13714
13719
13725
13733
13735
13740
13761
13778
13794
13796
13806
13807
13816
13830
13835
13837
13839
13852
13855
13856
13864
13867
13881
13882
13906
13913
13920
13922
13932
13935
13936
13941
13944
13948
13960
13978
13993
13998
14002
14008
14031
14038
14041
14048
14060
14061
14078
14082
14085
14087
14093
14094
14098
14101
14104
14106
14109
14114
14116
14131
14154
14176
14190
14193
14197
14205
14217
14230
14240
14245
14253
14256
14269
14279
14291
14297
14300
14313
14316
14328
14332
14334
14342
14348
14363
14381
14393
14423
14427
14432
14467
14475
14498
14510
14516
14517
14520
14565
14567
14568
14579
14585
14603
14606
14611
14617
14621
14622
14634
14646
14651
14667
14669
14672
14701
14703
14705
14711
14714
14716
14738
14741
14749
14755
14757
14768
14777
14788
14822
14824
14828
14835
14836
14837
14841
14855
14862
14873
14887
14898
14909
14950
14953
14975
14983
14987
14990
15003
15006
15025
15036
15041
15046
15047
15054
15057
15066
15091
15103
15128
15153
15175
15185
15191
15208
15209
15219
15226
15227
15243
15254
15265
15284
15285
15301
15311
15337
15343
15348
15357
15361
15370
15380
15387
15401
15407
15411
15428
15434
15441
15450
15453
15454
15465
15467
15472
15486
15490
15503
15508
15537
15538
15545
15546
15547
15548
15563
15566
15570
15573
15576
15610
15632
15641
15644
15654
15672
15679
15682
15686
15687
15697
15704
15713
15716
15722
15726
15727
15728
15732
15733
15749
15754
15763
15764
15769
15770
15778
15784
15793
15809
15812
15832
15841
15843
15845
15847
15850
15852
15853
15859
15865
15877
15881
15883
15894
15904
15914
15916
15918
15919
15922
15930
15933
15935
15952
15964
15967
15977
15992
15996
16020
16022
16025
16032
16044
16053
16055
16072
16074
16076
16080
16088
16112
16122
16129
16136
16139
16156
16164
16186
16194
16200
16210
16216
16236
16256
16258
16259
16260
16265
16271
16275
16278
16279
16286
16296
16298
16318
16320
16342
16345
16351
16373
16375
16381
16382
16391
16411
16412
16429
16446
16454
16463
16468
16490
16492
16504
16516
16518
16531
16542
16549
16550
16551
16553
16554
16560
16577
16579
16590
16592
16605
16621
16633
16634
16636
16644
16646
16655
16674
16675
16676
16680
16684
16687
16695
16696
16698
16723
16724
16726
16727
16733
16738
16740
16745
16748
16752
16755
16774
16775
16776
16784
16786
16787
16791
16792
16798
16800
16802
16805
16821
16832
16839
16847
16849
16856
16860
16865
16884
16888
16897
16911
16914
16934
16943
16947
16949
16961
16975
16976
16988
16992
16994
16996
17002
17008
17021
17024
17026
17041
17047
17050
17052
17065
17068
17072
17083
17089
17112
17122
17125
17130
17132
17133
17145
17149
17155
17181
17182
17190
17191
17205
17206
17236
17239
17244
17249
17260
17261
17278
17279
17282
17299
17328
17330
17336
17339
17341
17367
17384
17399
17406
17412
17419
17421
17423
17425
17472
17496
17497
17505
17513
17521
17530
17531
17539
17546
17564
17570
17574
17580
17581
17582
17586
17589
17606
17610
17613
17617
17628
17651
17655
17659
17664
17667
17683
17696
17712
17717
17721
17728
17735
17742
17754
17758
17764
17775
17778
17780
17782
17789
17791
17794
17795
17796
17800
17802
17807
17820
17827
17837
17843
17855
17857
17858
17859
17863
17868
17882
17891
17894
17899
17901
17904
17906
17912
17946
17949
17977
17978
17997
18031
18032
18035
18067
18068
18071
18082
18089
18093
18094
18101
18103
18104
18105
18113
18119
18123
18126
18148
18166
18168
18184
18186
18187
18214
18225
18233
18250
18254
18281
18288
18290
18294
18320
18321
18322
18333
18353
18357
18363
18376
18402
18408
18418
18430
18436
18456
18459
18460
18461
18468
18473
18477
18484
18510
18516
18532
18546
18557
18559
18570
18572
18586
18590
18596
18614
18623
18629
18637
18648
18657
18673
18677
18681
18699
18719
18725
18737
18739
18756
18764
18768
18771
18778
18792
18815
18825
18833
18839
18846
18848
18860
18868
18897
18902
18908
18910
18921
18928
18936
18942
18953
18954
18958
18962
18967
18968
18971
18982
18996
19002
19012
19029
19038
19039
19048
19056
19059
19060
19069
19071
19074
19079
19080
19087
19095
19098
19104
19117
19119
19142
19154
19155
19164
19169
19184
19201
19208
19213
19216
19223
19241
19246
19270
19289
19293
19296
19303
19308
19310
19322
19326
19330
19334
19344
19346
19356
19361
19370
19371
19375
19398
19410
19411
19412
19418
19450
19463
19470
19472
19493
19507
19512
19522
19529
19533
19543
19544
19547
19568
19569
19570
19583
19588
19590
19592
19596
19597
19604
19620
19622
19627
19632
19641
19666
19690
19698
19728
19731
19754
19757
19793
19798
19805
19811
19815
19817
19823
19827
19833
19842
19851
19859
19891
19894
19896
19897
19898
19911
19913
19940
19952
19953
19960
19981
19984
19986
20009
20061
20062
20064
20066
20071
20075
20082
20084
20086
20088
20101
20116
20121
20124
20130
20132
20133
20140
20162
20169
20173
20181
20187
20190
20199
20204
20214
20217
20226
20230
20236
20240
20242
20248
20249
20256
20263
20296
20309
20312
20318
20320
20326
20356
20373
20375
20381
20389
20400
20410
20421
20424
20425
20426
20447
20460
20471
20473
20479
20528
20536
20542
20545
20546
20548
20551
20552
20573
20577
20578
20598
20600
20606
20620
20624
20626
20643
20651
20656
20678
20688
20698
20704
20711
20713
20719
20724
20742
20743
20745
20747
20754
20759
20769
20778
20796
20801
20804
20816
20824
20836
20838
20856
20865
20883
20887
20891
20900
20913
20920
20922
20929
20931
20938
20944
20947
20957
20966
20969
20981
20988
21015
21021
21042
21051
21071
21072
21090
21093
21102
21107
21108
21115
21123
21124
21125
21138
21139
21150
21151
21156
21162
21168
21185
21195
21202
21220
21223
21233
21235
21255
21256
21273
21277
21280
21282
21284
21293
21301
21312
21321
21323
21334
21347
21350
21362
21401
21405
21413
21423
21431
21447
21448
21450
21452
21453
21454
21458
21460
21462
21483
21510
21514
21520
21522
21530
21538
21548
21553
21569
21574
21580
21584
21592
21607
21613
21619
21623
21630
21633
21645
21651
21666
21675
21686
21688
21693
21700
21706
21727
21734
21743
21745
21766
21769
21773
21786
21795
21819
21827
21835
21845
21853
21860
21866
21881
21885
21892
21900
21901
21921
21939
21951
21955
21962
21965
21975
21990
22004
22007
22010
22017
22019
22020
22024
22029
22043
22050
22067
22083
22098
22119
22122
22126
22128
22129
22130
22160
22165
22176
22180
22200
22207
22208
22213
22225
22234
22235
22251
22266
22277
22285
22289
22291
22297
22312
22330
22332
22333
22336
22337
22371
22383
22386
22392
22421
22423
22424
22426
22432
22442
22446
22449
22450
22475
22493
22500
22503
22505
22516
22520
22528
22534
22538
22549
22553
22559
22578
22579
22581
22585
22587
22588
22624
22644
22646
22667
22677
22700
22712
22718
22732
22735
22754
22763
22766
22780
22782
22788
22792
22797
22801
22804
22815
22818
22823
22835
22836
22844
22849
22851
22855
22860
22862
22888
22891
22914
22921
22930
22933
22938
22941
22946
22951
22954
22963
22970
22987
23000
23014
23023
23028
23036
23038
23039
23049
23060
23062
23082
23092
23100
23108
23109
23140
23150
23156
23161
23162
23194
23197
23201
23209
23219
23224
23226
23238
23242
23244
23249
23257
23262
23264
23281
23295
23304
23313
23317
23318
23325
23332
23339
23364
23365
23368
23371
23380
23384
23390
23394
23397
23407
23440
23450
23473
23475
23478
23483
23503
23523
23533
23546
23549
23568
23577
23596
23613
23632
23642
23657
23666
23675
23680
23687
23690
23694
23697
23706
23707
23711
23719
23725
23734
23739
23749
23762
23779
23780
23786
23788
23790
23792
23802
23809
23811
23815
23826
23829
23837
23844
23845
23847
23849
23872
23873
23876
23895
23927
23929
23933
23943
23946
23949
23955
23959
23979
23986
23990
23999
24018
24021
24029
24030
24067
24074
24083
24084
24086
24094
24099
24105
24110
24111
24114
24121
24123
24129
24141
24163
24170
24177
24181
24190
24226
24233
24235
24236
24248
24252
24253
24263
24271
24276
24280
24285
24289
24317
24330
24344
24357
24361
24374
24387
24401
24402
24444
24465
24466
24477
24480
24486
24488
24504
24510
24548
24562
24569
24571
24573
24577
24580
24581
24586
24588
24607
24616
24622
24631
24635
24656
24663
24672
24674
24675
24676
24677
24682
24683
24687
24692
24712
24714
24743
24745
24772
24776
24785
24806
24808
24825
24837
24846
24854
24856
24868
24872
24891
24900
24901
24902
24937
24938
24955
24957
24968
24975
24977
24981
24982
24995
25001
25004
25006
25008
25009
25012
25020
25027
25030
25039
25049
25053
25069
25070
25072
25076
25104
25108
25111
25115
25117
25121
25131
25143
25150
25155
25157
25175
25178
25184
25188
25189
25212
25213
25216
25217
25219
25225
25232
25234
25235
25255
25256
25258
25259
25280
25286
25297
25299
25302
25313
25317
25318
25321
25323
25326
25329
25332
25337
25338
25345
25354
25363
25367
25368
25384
25385
25395
25396
25397
25403
25411
25415
25416
25449
25477
25481
25482
25487
25490
25497
25504
25510
25515
25523
25526
25528
25540
25553
25557
25574
25578
25581
25590
25634
25640
25655
25658
25668
25696
25708
25711
25722
25723
25724
25736
25739
25757
25764
25772
25775
25780
25782
25786
25788
25790
25809
25814
25815
25835
25851
25860
25876
25882
25889
25921
25929
25933
25935
25941
25949
25954
25963
25965
25975
25989
25997
26012
26013
26027
26031
26036
26040
26046
26052
26055
26066
26067
26094
26102
26105
26118
26119
26124
26125
26134
26136
26139
26140
26160
26161
26168
26178
26192
26200
26201
26208
26212
26214
26218
26219
26222
26231
26263
26271
26274
26277
26286
26288
26291
26308
26313
26317
26324
26337
26350
26368
26377
26381
26384
26391
26395
26398
26399
26401
26406
26425
26431
26474
26479
26494
26515
26519
26523
26532
26533
26535
26576
26579
26601
26603
26618
26620
26633
26638
26648
26649
26685
26688
26698
26704
26705
26709
26715
26724
26727
26737
26741
26754
26771
26779
26780
26781
26837
26855
26863
26864
26868
26872
26884
26887
26889
26901
26921
26926
26928
26932
26935
26936
26948
26956
26964
26967
26980
27002
27003
27020
27022
27024
27026
27036
27043
27049
27065
27067
27077
27083
27084
27089
27092
27102
27103
27106
27117
27119
27121
27132
27143
27148
27152
27160
27162
27163
27167
27172
27179
27184
27192
27195
27198
27209
27210
27232
27235
27237
27242
27243
27245
27247
27256
27266
27278
27282
27290
27315
27337
27355
27362
27365
27367
27374
27379
27386
27387
27390
27398
27399
27400
27414
27416
27424
27425
27427
27431
27434
27440
27447
27449
27462
27463
27464
27467
27468
27471
27472
27476
27486
27499
27500
27504
27511
27512
27530
27536
27542
27547
27551
27553
27554
27563
27570
27574
27576
27577
27588
27597
27598
27599
27603
27616
27617
27639
27643
27655
27657
27659
27660
27661
27665
27667
27677
27690
27694
27710
27712
27714
27722
27723
27726
27729
27743
27745
27750
27758
27770
27771
27790
27793
27795
27797
27800
27808
27816
27823
27829
27863
27866
27869
27872
27875
27879
27894
27901
27905
27910
27927
27931
27949
27953
27960
27964
27979
27981
27995
28013
28016
28017
28019
28026
28043
28050
28057
28061
28065
28073
28080
28082
28089
28090
28092
28093
28099
28101
28104
28109
28115
28138
28166
28174
28175
28180
28182
28190
28192
28202
28206
28221
28222
28223
28227
28239
28240
28247
28259
28264
28265
28270
28278
28281
28291
28292
28293
28296
28298
28300
28313
28315
28336
28338
28343
28346
28356
28358
28365
28394
28399
28410
28416
28423
28424
28426
28447
28457
28462
28496
28502
28505
28508
28515
28516
28525
28530
28531
28541
28544
28561
28566
28575
28576
28600
28601
28611
28619
28628
28644
28651
28657
28660
28671
28676
28677
28681
28683
28698
28712
28716
28721
28724
28729
28735
28741
28742
28752
28753
28754
28765
28775
28776
28790
28792
28805
28808
28814
28820
28824
28827
28843
28865
28866
28868
28869
28880
28882
28883
28887
28902
28911
28915
28926
28930
28933
28935
28939
28941
28944
28973
28982
28999
29002
29003
29012
29027
29030
29035
29043
29050
29052
29054
29055
29073
29074
29075
29092
29105
29110
29115
29121
29123
29129
29130
29135
29137
29138
29141
29142
29164
29176
29191
29219
29220
29251
29252
29261
29262
29274
29276
29278
29299
29304
29305
29315
29316
29317
29328
29334
29336
29338
29340
29343
29350
29352
29358
29359
29360
29364
29365
29366
29372
29375
29377
29378
29392
29398
29425
29426
29430
29433
29436
29453
29463
29467
29470
29477
29478
29481
29483
29493
29495
29496
29497
29502
29503
29504
29509
29512
29520
29530
29541
29544
29545
29552
29553
29556
29558
29570
29576
29579
29581
29601
29615
29620
29621
29629
29631
29633
29660
29664
29665
29666
29672
29682
29688
29690
29708
29722
29726
29730
29744
29755
29765
29767
29810
29819
29829
29845
29859
29861
29862
29866
29872
29884
29894
29905
29918
29926
29937
29946
29950
29961
29965
29967
29968
29969
29971
29972
29985
29991
29999
30011
30015
30026
30047
30049
30054
30065
30067
30070
30071
30075
30084
30088
30093
30095
30105
30110
30114
30120
30129
30139
30140
30143
30144
30154
30183
30198
30202
30208
30214
30217
30221
30225
30239
30243
30247
30253
30259
30262
30266
30274
30275
30277
30282
30284
30296
30298
30299
30303
30316
30322
30336
30341
30344
30348
30349
30354
30376
30393
30408
30410
30412
30414
30420
30437
30447
30452
30457
30460
30461
30464
30466
30476
30477
30501
30503
30505
30507
30508
30509
30530
30534
30541
30544
30548
30550
30551
30552
30561
30564
30565
30569
30575
30579
30590
30595
30601
30606
30616
30637
30638
30641
30646
30648
30650
30659
30660
30669
30671
30678
30682
30695
30696
30699
30707
30714
30732
30737
30754
30777
30786
30790
30798
30810
30820
30822
30825
30829
30846
30855
30868
30887
30911
30915
30917
30927
30946
30962
30964
30977
30979
30985
30987
31029
31033
31043
31044
31051
31054
31056
31062
31069
31073
31086
31088
31093
31112
31120
31122
31133
31135
31136
31139
31153
31160
31170
31171
31183
31184
31185
31187
31190
31193
31198
31199
31203
31205
31206
31207
31212
31226
31244
31260
31262
31275
31279
31290
31301
31305
31312
31320
31322
31330
31332
31336
31340
31361
31376
31385
31439
31441
31442
31451
31454
31470
31489
31496
31501
31502
31520
31521
31527
31564
31569
31573
31574
31585
31610
31641
31651
31660
31662
31664
31680
31684
31692
31700
31709
31712
31717
31719
31728
31755
31770
31778
31779
31792
31812
31842
31854
31880
31881
31891
31904
31910
31911
31912
31928
31931
31942
31949
31965
31966
31969
31973
31977
31982
31987
31994
32005
32013
32014
32023
32050
32052
32061
32074
32082
32099
32104
32122
32125
32130
32135
32140
32150
32153
32154
32156
32161
32177
32181
32190
32193
32195
32203
32234
32247
32286
32287
32299
32303
32317
32348
32351
32362
32367
32373
32376
32377
32380
32387
32396
32399
32406
32410
32412
32419
32420
32421
32425
32429
32433
32434
32436
32438
32440
32441
32447
32453
32460
32465
32466
32475
32481
32495
32500
32502
32504
32511
32512
32517
32527
32536
32540
32548
32559
32568
32572
32574
32592
32605
32613
32628
32639
32652
32658
32664
32677
32678
32679
32684
32707
32740
32742
32743
32746
32749
32766
32775
32786
32789
32790
32791
32797
32805
32809
32810
40000
40057
40059
40078
40094
40120
40124
40179
40236
40310
40337
40388
40435
40461
40463
40464
40474
40526
40546
40576
40577
40695
40697
40708
40729
40775
40822
40837
40851
40883
40900
40904
40911
40923
40934
41004
41024
41034
41035
41077
41115
41121
41182
41192
41216
41217
41350
41359
41373
41446
41448
41515
41603
41621
41639
41682
41702
41719
41724
41768
41795
41897
41902
41943
41958
41966
41976
42035
42054
42055
42058
42067
42073
42129
42135
42180
42196
42310
42327
42346
42351
42400
42410
42468
42492
42525
42574
42583
42606
42683
42694
42715
42763
42780
42794
42820
42851
